MutagenObjectType: PlacedObject
FormKey: 13E13B:ChildrenOfLilith.esp
Base: 000032:Skyrim.esm
Placement:
  Position: -6.9644113, 66.03524, 263.28174
  Rotation: 0, -0, 3.0831904
